Category	Term	Count	%	PValue	Genes	List Total	Pop Hits	Pop Total	Fold Enrichment	Bonferroni	Benjamini	FDR
GOTERM_BP_DIRECT	GO:0055114~oxidation-reduction process	17	26.5625	5.085305384224231E-10	15488, 12583, 56357, 16922, 117167, 67834, 13382, 11364, 11363, 12039, 16828, 11370, 56615, 18597, 15483, 13063, 23917	62	677	18128	7.342068899795111	3.869916744836388E-7	3.869916744836388E-7	7.754698438944274E-7
GOTERM_BP_DIRECT	GO:0008152~metabolic process	14	21.875	3.768947315592886E-9	14936, 56357, 20916, 11364, 11363, 21881, 12039, 11370, 110095, 20280, 18597, 14874, 18563, 68738	62	465	18128	8.803052375997225	2.868164761138381E-6	1.434083408913267E-6	5.747353581941894E-6
GOTERM_BP_DIRECT	GO:0033539~fatty acid beta-oxidation using acyl-CoA dehydrogenase	4	6.25	3.3806231889367505E-5	11370, 56357, 11364, 11363	62	19	18128	61.555178268251275	0.025398858512384548	0.00853899303431116	0.0515394800833513
GOTERM_BP_DIRECT	GO:0006631~fatty acid metabolic process	6	9.375	1.7854373751225632E-4	11370, 15488, 12491, 14600, 11364, 11363	62	156	18128	11.245657568238213	0.12705603788403008	0.033400443895061915	0.27191935791689437
GOTERM_BP_DIRECT	GO:0050731~positive regulation of peptidyl-tyrosine phosphorylation	5	7.8125	3.4400402606821683E-4	22339, 12491, 18186, 16412, 14600	62	99	18128	14.767025089605735	0.23035976613698572	0.05101892291082677	0.5232958544797328
GOTERM_BP_DIRECT	GO:0055088~lipid homeostasis	4	6.25	3.5281226883522343E-4	11370, 56357, 11364, 11363	62	41	18128	28.52557041699449	0.23550325479133893	0.04376946713704155	0.5366612154184103
GOTERM_BP_DIRECT	GO:0009409~response to cold	4	6.25	3.790438947457711E-4	11370, 11364, 11363, 23917	62	42	18128	27.846390168970817	0.2506185048245818	0.04037749707022531	0.5764543517345233
GOTERM_BP_DIRECT	GO:0007568~aging	6	9.375	3.831162519712717E-4	74142, 227753, 20280, 276770, 21859, 13382	62	184	18128	9.534361851332397	0.25293817364654236	0.03579458057652696	0.5826307461726854
GOTERM_BP_DIRECT	GO:0006635~fatty acid beta-oxidation	4	6.25	4.352005697947515E-4	11370, 15488, 11364, 19299	62	44	18128	26.580645161290324	0.28198133974101014	0.03613750604618571	0.6615935058382982
GOTERM_BP_DIRECT	GO:0002042~cell migration involved in sprouting angiogenesis	3	4.6875	0.0012965766606133134	22339, 18186, 16412	62	16	18128	54.82258064516129	0.6274317568776133	0.09401588435444586	1.9590191148543878
GOTERM_BP_DIRECT	GO:0042493~response to drug	7	10.9375	0.001476777915845151	16828, 56615, 16412, 16527, 11364, 14683, 19299	62	369	18128	5.5466386921933735	0.6752366884160798	0.09718867878373283	2.2284321313463473
GOTERM_BP_DIRECT	GO:0006103~2-oxoglutarate metabolic process	3	4.6875	0.0016459924812729785	67834, 13382, 14600	62	18	18128	48.73118279569893	0.7145339856958584	0.0991976006429034	2.480789355018753
GOTERM_BP_DIRECT	GO:0006810~transport	15	23.4375	0.0024268725573171907	53379, 19317, 13167, 22227, 20411, 117167, 16527, 19299, 20168, 20280, 18708, 276770, 12491, 18674, 11946	62	1819	18128	2.411108549539804	0.8426204198058977	0.13258525839799917	3.637485454593292
GOTERM_BP_DIRECT	GO:0048010~vascular endothelial growth factor receptor signaling pathway	3	4.6875	0.0031789429272807996	18708, 22339, 18186	62	25	18128	35.086451612903225	0.9113473138948408	0.15892420330239976	4.739376182445298
GOTERM_BP_DIRECT	GO:0051384~response to glucocorticoid	4	6.25	0.0036803465637851337	12583, 18708, 14600, 11364	62	92	18128	12.712482468443197	0.9395482812145758	0.17060659655705723	5.467450734468637
GOTERM_BP_DIRECT	GO:0006099~tricarboxylic acid cycle	3	4.6875	0.004265159373689048	18597, 67834, 20916	62	29	18128	30.246941045606228	0.9613314212156583	0.18396292940807712	6.310071439404464
GOTERM_BP_DIRECT	GO:0006629~lipid metabolic process	7	10.9375	0.004414467581008441	11370, 15488, 18563, 15483, 11946, 11364, 11363	62	460	18128	4.449368863955119	0.9655017515823947	0.179671006379289	6.524072953574334
GOTERM_BP_DIRECT	GO:1902336~positive regulation of retinal ganglion cell axon guidance	2	3.125	0.006718782614598488	22339, 18186	62	2	18128	292.38709677419354	0.9940849033545235	0.2479960834089724	9.769437883492749
GOTERM_BP_DIRECT	GO:0090259~regulation of retinal ganglion cell axon guidance	2	3.125	0.006718782614598488	22339, 18186	62	2	18128	292.38709677419354	0.9940849033545235	0.2479960834089724	9.769437883492749
GOTERM_BP_DIRECT	GO:0038190~VEGF-activated neuropilin signaling pathway	2	3.125	0.006718782614598488	22339, 18186	62	2	18128	292.38709677419354	0.9940849033545235	0.2479960834089724	9.769437883492749
GOTERM_BP_DIRECT	GO:0031623~receptor internalization	3	4.6875	0.008002091012893855	233489, 12491, 16412	62	40	18128	21.929032258064517	0.9977885055203694	0.2751525353396549	11.530874879242637
GOTERM_BP_DIRECT	GO:0019254~carnitine metabolic process, CoA-linked	2	3.125	0.01006150325145939	11364, 11363	62	3	18128	194.92473118279568	0.999545168617166	0.3193990967264453	14.290562682756713
GOTERM_BP_DIRECT	GO:0006915~apoptotic process	7	10.9375	0.01220115392393552	74143, 20168, 227753, 83945, 276770, 14311, 13063	62	571	18128	3.584430258177504	0.9999123525007901	0.35908989288582704	17.072426046213216
GOTERM_BP_DIRECT	GO:0008286~insulin receptor signaling pathway	3	4.6875	0.013257038651558221	18708, 27273, 20411	62	52	18128	16.86848635235732	0.9999611606207502	0.36975069364127267	18.413925163853573
GOTERM_BP_DIRECT	GO:0038084~vascular endothelial growth factor signaling pathway	2	3.125	0.013393158330199856	22339, 18186	62	4	18128	146.19354838709677	0.9999650314657281	0.35990144802849666	18.585381680731572
GOTERM_BP_DIRECT	GO:0006086~acetyl-CoA biosynthetic process from pyruvate	2	3.125	0.016713783873621855	18597, 13382	62	5	18128	116.95483870967743	0.9999973119158743	0.4140056180838225	22.665211081219283
GOTERM_BP_DIRECT	GO:0051591~response to cAMP	3	4.6875	0.016851214796070043	12583, 16828, 18708	62	59	18128	14.867140513942045	0.9999975831654884	0.4038852381917615	22.82987364341539
GOTERM_BP_DIRECT	GO:0060978~angiogenesis involved in coronary vascular morphogenesis	2	3.125	0.020023415787001505	22339, 18186	62	6	18128	97.46236559139784	0.9999997933922071	0.4467896997946378	26.540801808569615
GOTERM_BP_DIRECT	GO:1990000~amyloid fibril formation	2	3.125	0.020023415787001505	227753, 12491	62	6	18128	97.46236559139784	0.9999997933922071	0.4467896997946378	26.540801808569615
GOTERM_BP_DIRECT	GO:0006006~glucose metabolic process	3	4.6875	0.02261578313138576	18708, 27273, 18597	62	69	18128	12.712482468443199	0.9999999724761142	0.4752055301032707	29.44889485513572
GOTERM_BP_DIRECT	GO:0048842~positive regulation of axon extension involved in axon guidance	2	3.125	0.02332208986549398	22339, 18186	62	7	18128	83.53917050691244	0.9999999841222504	0.4734292294909447	30.22236772423419
GOTERM_BP_DIRECT	GO:0046322~negative regulation of fatty acid oxidation	2	3.125	0.02332208986549398	11370, 11363	62	7	18128	83.53917050691244	0.9999999841222504	0.4734292294909447	30.22236772423419
GOTERM_BP_DIRECT	GO:0019530~taurine metabolic process	2	3.125	0.02332208986549398	12583, 14600	62	7	18128	83.53917050691244	0.9999999841222504	0.4734292294909447	30.22236772423419
GOTERM_BP_DIRECT	GO:0042760~very long-chain fatty acid catabolic process	2	3.125	0.02332208986549398	11370, 19299	62	7	18128	83.53917050691244	0.9999999841222504	0.4734292294909447	30.22236772423419
GOTERM_BP_DIRECT	GO:0060396~growth hormone receptor signaling pathway	2	3.125	0.02332208986549398	18708, 14600	62	7	18128	83.53917050691244	0.9999999841222504	0.4734292294909447	30.22236772423419
GOTERM_BP_DIRECT	GO:0071679~commissural neuron axon guidance	2	3.125	0.026609841783416684	22339, 18186	62	8	18128	73.09677419354838	0.9999999987799726	0.5072422830070468	33.71961241606185
GOTERM_BP_DIRECT	GO:0061732~mitochondrial acetyl-CoA biosynthetic process from pyruvate	2	3.125	0.026609841783416684	18597, 13382	62	8	18128	73.09677419354838	0.9999999987799726	0.5072422830070468	33.71961241606185
GOTERM_BP_DIRECT	GO:0043065~positive regulation of apoptotic process	5	7.8125	0.026721131885885305	16828, 20280, 83945, 276770, 16412	62	337	18128	4.3380874892313575	0.9999999988816421	0.4969404950437821	33.83507699246885
GOTERM_BP_DIRECT	GO:0060982~coronary artery morphogenesis	2	3.125	0.029886707106627757	22339, 18186	62	9	18128	64.97491039426524	0.9999999999062679	0.5251980030737353	37.041754677698215
GOTERM_BP_DIRECT	GO:0090181~regulation of cholesterol metabolic process	2	3.125	0.029886707106627757	11370, 11363	62	9	18128	64.97491039426524	0.9999999999062679	0.5251980030737353	37.041754677698215
GOTERM_BP_DIRECT	GO:0006105~succinate metabolic process	2	3.125	0.029886707106627757	14600, 20916	62	9	18128	64.97491039426524	0.9999999999062679	0.5251980030737353	37.041754677698215
GOTERM_BP_DIRECT	GO:0007005~mitochondrion organization	3	4.6875	0.030443995719346997	74143, 74142, 83945	62	81	18128	10.82915173237754	0.9999999999394691	0.5206124144916235	37.591019257699266
GOTERM_BP_DIRECT	GO:0005975~carbohydrate metabolic process	4	6.25	0.03215690632411028	16828, 110095, 27273, 18597	62	206	18128	5.677419354838709	0.9999999999842395	0.5293981091334063	39.251365043157385
GOTERM_BP_DIRECT	GO:0009062~fatty acid catabolic process	2	3.125	0.03315272128376738	11370, 11363	62	10	18128	58.477419354838716	0.9999999999927998	0.5298083801295643	40.19755269485296
GOTERM_BP_DIRECT	GO:0035767~endothelial cell chemotaxis	2	3.125	0.03315272128376738	22339, 18186	62	10	18128	58.477419354838716	0.9999999999927998	0.5298083801295643	40.19755269485296
GOTERM_BP_DIRECT	GO:0051028~mRNA transport	3	4.6875	0.035436686268396966	53379, 19317, 276770	62	88	18128	9.967741935483872	0.9999999999988096	0.5436421594653911	42.31593261315757
GOTERM_BP_DIRECT	GO:0071404~cellular response to low-density lipoprotein particle stimulus	2	3.125	0.036407919650553115	12491, 16412	62	11	18128	53.16129032258065	0.999999999999447	0.5434160847207502	43.19532703952873
GOTERM_BP_DIRECT	GO:0032869~cellular response to insulin stimulus	3	4.6875	0.03918352897717498	18708, 20411, 14600	62	93	18128	9.431841831425599	0.9999999999999384	0.5605028475974452	45.63991865910098
GOTERM_BP_DIRECT	GO:0048009~insulin-like growth factor receptor signaling pathway	2	3.125	0.03965233742832899	18708, 14600	62	12	18128	48.73118279569892	0.9999999999999575	0.555258900888195	46.04298251191469
GOTERM_BP_DIRECT	GO:0045717~negative regulation of fatty acid biosynthetic process	2	3.125	0.03965233742832899	11370, 11363	62	12	18128	48.73118279569892	0.9999999999999575	0.555258900888195	46.04298251191469
GOTERM_BP_DIRECT	GO:0043069~negative regulation of programmed cell death	2	3.125	0.04610897155217167	83945, 22339	62	14	18128	41.76958525345622	0.9999999999999998	0.6019266854107478	51.317600689546985
GOTERM_BP_DIRECT	GO:0051593~response to folic acid	2	3.125	0.04610897155217167	227753, 21859	62	14	18128	41.76958525345622	0.9999999999999998	0.6019266854107478	51.317600689546985
GOTERM_BP_DIRECT	GO:0006107~oxaloacetate metabolic process	2	3.125	0.04610897155217167	18563, 14600	62	14	18128	41.76958525345622	0.9999999999999998	0.6019266854107478	51.317600689546985
GOTERM_BP_DIRECT	GO:0046889~positive regulation of lipid biosynthetic process	2	3.125	0.04610897155217167	13167, 20411	62	14	18128	41.76958525345622	0.9999999999999998	0.6019266854107478	51.317600689546985
GOTERM_BP_DIRECT	GO:0043149~stress fiber assembly	2	3.125	0.04610897155217167	20411, 16412	62	14	18128	41.76958525345622	0.9999999999999998	0.6019266854107478	51.317600689546985
GOTERM_BP_DIRECT	GO:0050918~positive chemotaxis	2	3.125	0.04932125778113046	22339, 18186	62	15	18128	38.98494623655914	1.0	0.6179741769895525	53.75847580944815
GOTERM_BP_DIRECT	GO:2000811~negative regulation of anoikis	2	3.125	0.04932125778113046	27273, 16412	62	15	18128	38.98494623655914	1.0	0.6179741769895525	53.75847580944815
GOTERM_BP_DIRECT	GO:0005978~glycogen biosynthetic process	2	3.125	0.05571394243803254	14936, 11364	62	17	18128	34.398481973434535	1.0	0.6549372283103955	58.279570860287166
GOTERM_BP_DIRECT	GO:0009791~post-embryonic development	3	4.6875	0.05730381719390797	11364, 14683, 20363	62	115	18128	7.627489481065918	1.0	0.6567263315846085	59.3379807009784
GOTERM_BP_DIRECT	GO:0051149~positive regulation of muscle cell differentiation	2	3.125	0.058894410083670815	12583, 276770	62	18	18128	32.48745519713262	1.0	0.6584453875203249	60.37171966270039
GOTERM_BP_DIRECT	GO:0010629~negative regulation of gene expression	4	6.25	0.06040026588099828	233489, 22339, 12491, 18563	62	266	18128	4.396798447732234	1.0	0.6595644530956015	61.32771094082272
GOTERM_BP_DIRECT	GO:0048255~mRNA stabilization	2	3.125	0.06206434056509554	22339, 19317	62	19	18128	30.777589134125638	1.0	0.6616117169902966	62.35906087156086
GOTERM_BP_DIRECT	GO:0022408~negative regulation of cell-cell adhesion	2	3.125	0.06206434056509554	18708, 22339	62	19	18128	30.777589134125638	1.0	0.6616117169902966	62.35906087156086
GOTERM_BP_DIRECT	GO:0007031~peroxisome organization	2	3.125	0.06522376820693238	20280, 19299	62	20	18128	29.238709677419358	1.0	0.6723555391910188	64.24683952337395
GOTERM_BP_DIRECT	GO:0030301~cholesterol transport	2	3.125	0.06522376820693238	20280, 12491	62	20	18128	29.238709677419358	1.0	0.6723555391910188	64.24683952337395
GOTERM_BP_DIRECT	GO:0001659~temperature homeostasis	2	3.125	0.06837272723810559	11370, 11363	62	21	18128	27.846390168970817	1.0	0.6823233407516486	66.04003844659661
GOTERM_BP_DIRECT	GO:0035924~cellular response to vascular endothelial growth factor stimulus	2	3.125	0.07151125176748332	22339, 18186	62	22	18128	26.580645161290324	1.0	0.6915920518739833	67.74339134224738
GOTERM_BP_DIRECT	GO:0071398~cellular response to fatty acid	2	3.125	0.07463937579629827	27273, 22227	62	23	18128	25.424964936886393	1.0	0.7002291183293444	69.3613952336896
GOTERM_BP_DIRECT	GO:0042593~glucose homeostasis	3	4.6875	0.07580664718025942	110095, 27273, 12491	62	135	18128	6.4974910394265235	1.0	0.6987615297809354	69.94548394721592
GOTERM_BP_DIRECT	GO:0042246~tissue regeneration	2	3.125	0.07775713321459053	227753, 21859	62	24	18128	24.36559139784946	1.0	0.7011613244068262	70.89832228602621
GOTERM_BP_DIRECT	GO:0001894~tissue homeostasis	2	3.125	0.07775713321459053	16412, 14683	62	24	18128	24.36559139784946	1.0	0.7011613244068262	70.89832228602621
GOTERM_BP_DIRECT	GO:0048844~artery morphogenesis	2	3.125	0.08086455780789745	22339, 18186	62	25	18128	23.39096774193548	1.0	0.7088791857840047	72.35823104090625
GOTERM_BP_DIRECT	GO:0010243~response to organonitrogen compound	2	3.125	0.08396168325376073	12583, 56615	62	26	18128	22.491315136476423	1.0	0.7161183244312845	73.74497708557837
GOTERM_BP_DIRECT	GO:0045861~negative regulation of proteolysis	2	3.125	0.08396168325376073	18708, 21859	62	26	18128	22.491315136476423	1.0	0.7161183244312845	73.74497708557837
GOTERM_BP_DIRECT	GO:0002040~sprouting angiogenesis	2	3.125	0.09319159985342934	22339, 18186	62	29	18128	20.164627363737484	1.0	0.7480677667119169	77.50195990455458
GOTERM_BP_DIRECT	GO:0090004~positive regulation of establishment of protein localization to plasma membrane	2	3.125	0.09624786331731941	20411, 16412	62	30	18128	19.49247311827957	1.0	0.7534626941298891	78.6308962899427
GOTERM_BP_DIRECT	GO:2000379~positive regulation of reactive oxygen species metabolic process	2	3.125	0.09929399439824194	276770, 12491	62	31	18128	18.863683662851194	1.0	0.7585561178639414	79.70324124683893
GOTERM_BP_DIRECT	GO:0007569~cell aging	2	3.125	0.09929399439824194	83945, 116847	62	31	18128	18.863683662851194	1.0	0.7585561178639414	79.70324124683893
